Affichage du graphe : 

       0   1   2   3
    ----------------
 0 |   0   1  -5 inf
 1 | inf  -1  -3   2
 2 |   6   4   0   2
 3 | inf inf   2   0

Application de l'algorithme Floyd-Warshall...
Itération n°1:
L :
       0   1   2   3
    ----------------
 0 |   0   1  -5 inf
 1 | inf  -1  -3   2
 2 |   6   4   0   2
 3 | inf inf   2   0

 P :
     0 1 2 3
    --------
 0 | 0 0 0 0
 1 | 1 1 1 1
 2 | 2 2 2 2
 3 | 3 3 3 3


Itération n°2:
L :
       0   1   2   3
    ----------------
 0 |   0   1  -5 inf
 1 | inf  -1  -3   2
 2 |   6   4   0   2
 3 | inf inf   2   0

 P :
     0 1 2 3
    --------
 0 | 0 0 0 0
 1 | 1 1 1 1
 2 | 2 2 2 2
 3 | 3 3 3 3


Itération n°3:
L :
       0   1   2   3
    ----------------
 0 |   0   0  -5   2
 1 | inf  -2  -5   0
 2 |   6   2  -3   2
 3 | inf inf   2   0

 P :
     0 1 2 3
    --------
 0 | 0 1 0 1
 1 | 1 1 1 1
 2 | 2 1 1 2
 3 | 3 3 3 3


Itération n°4:
L :
      0  1  2  3
    ------------
 0 |  0 -3 -8 -6
 1 |  1 -3 -8 -6
 2 |  3 -1 -6 -4
 3 |  5  1 -4 -8

 P :
     0 1 2 3
    --------
 0 | 0 1 1 2
 1 | 2 1 1 2
 2 | 2 1 1 2
 3 | 2 1 1 2


Itération n°5:
L :
       0   1   2   3
    ----------------
 0 |  -1  -5 -10 -14
 1 |  -1  -5 -10 -14
 2 |   1  -3  -8 -12
 3 |  -3  -7 -12 -16

 P :
     0 1 2 3
    --------
 0 | 2 1 1 2
 1 | 2 1 1 2
 2 | 2 1 1 2
 3 | 2 1 1 2



Recherche de circuits absorbants...
Il existe des circuits absorbants !
